{
 "cells": [
  {
   "cell_type": "markdown",
   "id": "5c4865f3-c84e-4570-aa31-bb3d71d5db31",
   "metadata": {},
   "source": [
    "#### 作業六: 請寫一程式印出九九乘法表\n",
    "\n",
    "輸出:( 輸出圖形見下圖)\n",
    "\n",
    "![九九乘法表](./png/9x9.jpg)"
   ]
  },
  {
   "cell_type": "code",
   "execution_count": 1,
   "id": "b1318bd1-e073-4583-b3df-0989c9c4a706",
   "metadata": {},
   "outputs": [
    {
     "name": "stdout",
     "output_type": "stream",
     "text": [
      "['  1', '  2', '  3', '  4', '  5', '  6', '  7', '  8', '  9']\n",
      "['  2', '  4', '  6', '  8', ' 10', ' 12', ' 14', ' 16', ' 18']\n",
      "['  3', '  6', '  9', ' 12', ' 15', ' 18', ' 21', ' 24', ' 27']\n",
      "['  4', '  8', ' 12', ' 16', ' 20', ' 24', ' 28', ' 32', ' 36']\n",
      "['  5', ' 10', ' 15', ' 20', ' 25', ' 30', ' 35', ' 40', ' 45']\n",
      "['  6', ' 12', ' 18', ' 24', ' 30', ' 36', ' 42', ' 48', ' 54']\n",
      "['  7', ' 14', ' 21', ' 28', ' 35', ' 42', ' 49', ' 56', ' 63']\n",
      "['  8', ' 16', ' 24', ' 32', ' 40', ' 48', ' 56', ' 64', ' 72']\n",
      "['  9', ' 18', ' 27', ' 36', ' 45', ' 54', ' 63', ' 72', ' 81']\n",
      "---------------------------------------------------------------\n",
      "['  1', '  2', '  3', '  4', '  5', '  6', '  7', '  8', '  9']\n",
      "['  2', '  4', '  6', '  8', ' 10', ' 12', ' 14', ' 16', ' 18']\n",
      "['  3', '  6', '  9', ' 12', ' 15', ' 18', ' 21', ' 24', ' 27']\n",
      "['  4', '  8', ' 12', ' 16', ' 20', ' 24', ' 28', ' 32', ' 36']\n",
      "['  5', ' 10', ' 15', ' 20', ' 25', ' 30', ' 35', ' 40', ' 45']\n",
      "['  6', ' 12', ' 18', ' 24', ' 30', ' 36', ' 42', ' 48', ' 54']\n",
      "['  7', ' 14', ' 21', ' 28', ' 35', ' 42', ' 49', ' 56', ' 63']\n",
      "['  8', ' 16', ' 24', ' 32', ' 40', ' 48', ' 56', ' 64', ' 72']\n",
      "['  9', ' 18', ' 27', ' 36', ' 45', ' 54', ' 63', ' 72', ' 81']\n",
      "---------------------------------------------------------------\n",
      "  1  2  3  4  5  6  7  8  9\n",
      "  2  4  6  8 10 12 14 16 18\n",
      "  3  6  9 12 15 18 21 24 27\n",
      "  4  8 12 16 20 24 28 32 36\n",
      "  5 10 15 20 25 30 35 40 45\n",
      "  6 12 18 24 30 36 42 48 54\n",
      "  7 14 21 28 35 42 49 56 63\n",
      "  8 16 24 32 40 48 56 64 72\n",
      "  9 18 27 36 45 54 63 72 81\n"
     ]
    }
   ],
   "source": [
    "# 姓名 : \n",
    "# date : 110-11-24\n",
    "# designed by : Teacher Jackie\n",
    "#\n",
    "for i in (1,2,3,4,5,6,7,8,9) :\n",
    "    temp_list = []\n",
    "    for j in range(1,10) :\n",
    "        temp_list.append('{0:3}'.format(i*j))\n",
    "    # end for\n",
    "    print(temp_list)\n",
    "# end for\n",
    "#\n",
    "print('---------------------------------------------------------------')\n",
    "for i in (1,2,3,4,5,6,7,8,9) :\n",
    "    temp_list = ['{0:3}'.format(i*j) for j in range(1, 10)]\n",
    "    print(temp_list)\n",
    "# end for\n",
    "#\n",
    "print('---------------------------------------------------------------')\n",
    "for i in (1,2,3,4,5,6,7,8,9) :\n",
    "    temp_list = ['{0:3}'.format(i*j) for j in range(1, 10)]\n",
    "    item_for_print =\"\"\n",
    "    for item in  temp_list :\n",
    "        item_for_print = item_for_print + item\n",
    "    # end for\n",
    "    print(item_for_print)\n",
    "# end for\n"
   ]
  },
  {
   "cell_type": "code",
   "execution_count": null,
   "id": "eb3cde81-6d53-4e69-b8df-6a3ae934bc94",
   "metadata": {},
   "outputs": [],
   "source": []
  }
 ],
 "metadata": {
  "kernelspec": {
   "display_name": "Python 3 (ipykernel)",
   "language": "python",
   "name": "python3"
  },
  "language_info": {
   "codemirror_mode": {
    "name": "ipython",
    "version": 3
   },
   "file_extension": ".py",
   "mimetype": "text/x-python",
   "name": "python",
   "nbconvert_exporter": "python",
   "pygments_lexer": "ipython3",
   "version": "3.7.12"
  }
 },
 "nbformat": 4,
 "nbformat_minor": 5
}
